129295
302361
775262
788585
788633
1032363
3801617
3900964
8826161
8832895
13164726
14005488
15004532
15016694
19019289
19047105
19074111
19081796
19161405
19164863
19189922
19190441
19220188
19226735
19250578
19250975
19266811
19335470
19341470
19371561
23029167
23040270
23063113
23141934
23246379
23280236
23419153
23454296
23493834
23494016
24004350
37005666
45002239
45030288
45057880
45061593
45079024
45081352
45086982
45093301
45101371
45105555
45107113
45107458
45108807
45109359
45109843
45109986
45110026
45111815
45111891
45111952
45112017
45112923
45117211
45119780
55061607
59023615
66032253
67037424
67173160
78048433
79030728
85031718
91190209
97208213
200202486
2000084861
2002042352
2002042353
2002042362
2002042365
2002042379
2002042380
2002042381
2002042382
2002042383
2002042385
2002042387
2002042391
2002042392
2002042393
2002042395
2002042396
2002042400
2002042403
2002042404
2002042405
2002042406
2002042407
2002042408
2002042409
2002042411
2002042412
2002042413
2002042431
2002042432
2002042433
2002042434
2002042446
2002042447
2002042453
2002042454
2002042455
2002042456
2002042457
2002042458
2002042459
2002042467
2002042469
2002042472
2002042479
2002042487
2002042488
2002042489
2002042490
2002042491
2002042500
2002042502
2002042503
2002042505
2002042506
2002042507
2002042517
2002042524
2002042527
2002042528
2002042529
2002042530
2002042532
2002042533
2002042535
2002042537
2002042539
2002042540
2002042541
2002042542
2002042543
2002042544
2002042545
2002042546
2002042547
2002042548
2002042549
2002042550
2002042551
2002042553
2002042554
2002042557
2002042558
2002042559
2002042560
2002042563
2002042566
2002042567
2002042568
2002042570
2002042572
2002042575
2002042576
2002042577
2002042578
2002042580
2002042583
2002042584
2002042587
2002042588
2002042589
2002042590
2002042592
2002042593
2002042594
2002042595
2002042596
2002042598
2002042599
2002042600
2002042601
2002042602
2002042605
2002042606
2002042609
2002042610
2002042611
2002042612
2002042613
2002042618
2002042620
2002042621
2002042624
2002042625
2002042626
2002042627
2002042628
2002042629
2002042630
2002042631
2002042632
2002042634
2002042636
2002042645
2002042647
2002042651
2002042652
2002042655
2002042656
2002042658
2002042660
2002042661
2002042663
2002042666
2002042668
2002042669
2002042670
2002042671
2002042675
2002042677
2002042678
2002042679
2002042682
2002042683
2002042687
2002042691
2002042693
2002042696
2002042697
2002042699
2002042701
2002042702
2002042703
2002042704
2002042705
2002042706
2002042707
2002042708
2002042709
2002042711
2002042713
2002042714
2002042715
2002042716
2002042721
2002042722
2002042724
2002042733
2002042734
2002042735
2002042736
2002042738
2002042739
2002042740
2002042742
2002042743
2002042744
2002042745
2002042746
2002042747
2002042756
2002042758
2002042759
2002042760
2002042761
2002042774
2002042778
2002042806
2002042832
2002042846
2002042852
2002042854
2002042855
2002042858
2002042859
2002042860
2002042863
2002042883
2002042884
2002042885
2002042886
2002042890
2002042892
2002042893
2002042895
2002042896
2002042897
2002042900
2002042901
2002042902
2002042905
2002042906
2002042909
2002042912
2002042913
2002042914
2002042917
2002042922
2002042923
2002042939
2002042940
2002042941
2002042943
2002042946
2002042948
2002042949
2002042950
2002042951
2002042952
2002042953
2002042954
2002042955
2002042956
2002042957
2002042958
2002042959
2002042960
2002042961
2002042962
2002042963
2002042970
2002042972
2002042973
2002042979
2002042981
2002042983
2002042984
2002042985
2002042989
2002042990
2002042992
2002042994
2002042997
2002042999
2002043000
2002043001
2002043002
2002043003
2002043007
2002043010
2002043011
2002043012
2002043013
2002043014
2002043015
2002043019
2002043020
2002043021
2002043022
2002043023
2002043024
2002043025
2002043026
2002043030
2002043032
2002043033
2002043036
2002043037
2002043039
2002043040
2002043041
2002043043
2002043047
2002043048
2002043051
2002043052
2002043053
2002043054
2002043067
2002043068
2002043071
2002043093
2002043094
2002043096
2002043097
2002043099
2002043106
2002043107
2002043108
2002043119
2002043123
2002043153
2002043155
2002043157
2002043158
2002043159
2002043160
2002043162
2002043163
2002043177
2002043180
2002043181
2002043182
2002043183
2002043184
2002043185
2002043186
2002043187
2002043188
2002043189
2002043190
2002043191
2002043192
2002043193
2002043194
2002043195
2002043196
2002043197
2002043198
2002043199
2002043200
2002043201
2002043203
2002043213
2002043214
2002043215
2002043216
2002043217
2002043218
2002043219
2002043220
2002043221
2002043223
2002043224
2002043225
2002043226
2002043227
2002043228
2002043230
2002043231
2002043232
2002043233
2002043234
2002043235
2002043236
2002043237
2002043238
2002043239
2002043241
2002043242
2002043243
2002043247
2002043248
2002043254
2002043255
2002043256
2002043262
2002043263
2002043264
2002043266
2002043267
2002043269
2002043270
2002043271
2002043272
2002043274
2002043275
2002043276
2002043277
2002043278
2002043279
2002043280
2002043281
2002043282
2002043283
2002043285
2002043287
2002043289
2002043290
2002043291
2002043292
2002043294
2002043295
2002043296
2002043297
2002043298
2002043299
2002043300
2002043301
2002043302
2002043303
2002043304
2002043306
2002043307
2002043308
2002043309
2002043310
2002043311
2002043312
2002043313
2002043314
2002043315
2002043316
2002043317
2002043319
2002043320
2002043321
2002043322
2002043323
2002043324
2002043325
2002043326
2002043327
2002043328
2002043329
2002043330
2002043333
2002043334
2002043335
2002043336
2002043337
2002043338
2002043339
2002043340
2002043342
2002043353
2002043355
2002043363
2002043365
2002043388
2002043390
2002043391
2002043392
2002043393
2002043394
2002043395
2002043399
2002043407
2002043408
2002043409
2002043410
2002043421
2002043422
2002043423
2002043424
2002043425
2002043426
2002043427
2002043428
2002043429
2002043430
2002043431
2002043432
2002043433
2002043434
2002043435
2002043436
2002043437
2002043438
2002043439
2002043440
2002043441
2002043442
2002043443
2002043444
2002043445
2002043446
2002043447
2002043448
2002043449
2002043450
2002043451
2002043453
2002043454
2002043455
2002043456
2002043457
2002043458
2002043459
2002043460
2002043461
2002043463
2002043464
2002043465
2002043466
2002043467
2002043468
2002043469
2002043470
2002043471
2002043472
2002043473
2002043474
2002043475
2002043476
2002043477
2002043478
2002043479
2002043480
2002043481
2002043482
2002043483
2002043484
2002043485
2002043486
2002043487
2002043488
2002043489
2002043490
2002043491
2002043492
2002043493
2002043494
2002043495
2002043496
2002043497
2002043498
2002043499
2002043500
2002043501
2002043502
2002043503
2002043504
2002043505
2002043506
2002043507
2002043508
2002043509
2002043510
2002043511
2002043512
2002043513
2002043514
2002043516
2002043517
2002043518
2002043519
2002043520
2002043521
2002043522
2002043524
2002043525
2002043526
2002043527
2002043528
2002043529
2002043530
2002043531
2002043532
2002043533
2002043534
2002043535
2002043536
2002043537
2002043538
2002043539
2002043540
2002043541
2002043542
2002043543
2002043544
2002043545
2002043546
2002043547
2002043549
2002043550
2002043551
2002043552
2002043553
2002043555
2002043558
2002043559
2002043560
2002043561
2002043562
2002043564
2002043565
2002043566
2002043567
2002043568
2002043569
2002043570
2002043571
2002043572
2002043573
2002043574
2002043575
2002043577
2002043580
2002043581
2002043583
2002043585
2002043586
2002043587
2002043589
2002043591
2002043592
2002043594
2002043595
2002043596
2002043598
2002043603
2002043604
2002043605
2002043613
2002043619
2002043625
2002043626
2002043631
2002043633
2002043634
2002043635
2002043636
2002043637
2002043638
2002043639
2002043641
2002043642
2002043643
2002043644
2002043646
2002043647
2002043648
2002043649
2002043650
2002043651
2002043652
2002043653
2002043654
2002043656
2002043657
2002043658
2002043659
2002043661
2002043662
2002043664
2002043665
2002043666
2002043667
2002043668
2002043669
2002043670
2002043672
2002043673
2002043677
2002043678
2002043681
2002043682
2002043685
2002043686
2002043688
2002043689
2002043690
2002043691
2002043693
2002043696
2002043697
2002043698
2002043699
2002043701
2002043702
2002043703
2002043704
2002043707
2002043709
2002043711
2002043715
2002043716
2002043717
2002043719
2002043720
2002043723
2002043724
2002043725
2002043726
2002043727
2002043728
2002043729
2002043731
2002043732
2002043734
2002043736
2002043738
2002043741
2002043744
2002043745
2002043746
2002043747
2002043748
2002043749
2002043750
2002043751
2002043753
2002043754
2002043755
2002043756
2002043757
2002043758
2002043759
2002043765
2002043766
2002043767
2002043768
2002043772
2002043773
2002043774
2002043775
2002043776
2002043777
2002043778
2002043780
2002043781
2002043782
2002043783
2002043784
2002043785
2002043786
2002043787
2002043788
2002043789
2002043790
2002043793
2002043795
2002043796
2002043798
2002043799
2002043800
2002043801
2002043803
2002043804
2002043805
2002043806
2002043807
2002043808
2002043809
2002043810
2002043812
2002043814
2002043815
2002043816
2002043817
2002043818
2002043819
2002043820
2002043826
2002043827
2002043828
2002043830
2002043831
2002043837
2002043838
2002043839
2002043840
2002043841
2002043842
2002043843
2002043844
2002043845
2002043846
2002043848
2002043852
2002043853
2002043854
2002043856
2002043858
2002043859
2002043862
2002043863
2002043865
2002043866
2002043867
2002043868
2002043869
2002043870
2002043871
2002043872
2002043876
2002043879
2002043885
2002043886
2002043888
2002043890
2002043894
2002043898
2002043900
2002043901
2002043902
2002043903
2002043904
2002043905
2002043906
2002043907
2002043908
2002043909
2002043911
2002043913
2002043920
2002043925
2002043926
2002043935
2002043952
2002043953
2002043957
2002043958
2002043959
2002043960
2002043963
2002043964
2002043973
2002043974
2002043975
2002043976
2002043984
2002043985
2002043986
2002043987
2002043992
2002043993
2002043994
2002043997
2002043998
2002044010
2002044011
2002044013
2002044014
2002044015
2002044016
2002044017
2002044028
2002044030
2002044031
2002044032
2002044034
2002044035
2002044037
2002044038
2002044039
2002044040
2002044041
2002044042
2002044043
2002044044
2002044045
2002044046
2002044062
2002044063
2002044064
2002044065
2002044066
2002044067
2002044068
2002044069
2002044070
2002044071
2002044072
2002044077
2002044079
2002044080
2002044081
2002044082
2002044091
2002044092
2002044093
2002044095
2002044097
2002044099
2002044100
2002044101
2002044102
2002044104
2002044117
2002044118
2002044121
2002044122
2002044123
2002044124
2002044125
2002044126
2002044127
2002044128
2002044129
2002044131
2002044132
2002044133
2002044134
2002044135
2002044136
2002044138
2002044151
2002044152
2002044154
2002044155
2002044156
2002044157
2002044158
2002044159
2002044160
2002044161
2002044162
2002044163
2002044164
2002044179
2002044182
2002044183
2002044184
2002044185
2002044186
2002044187
2002044193
2002044194
2002044204
2002044205
2002044206
2002044208
2002044209
2002044210
2002044211
2002044212
2002044213
2002044214
2002044215
2002044216
2002044229
2002044230
2002044231
2002044232
2002044233
2002044234
2002044235
2002044237
2002044238
2002044239
2002044240
2002044241
2002044244
2002044245
2002044247
2002044248
2002044249
2002044250
2002044251
2002044252
2002044253
2002044255
2002044265
2002044275
2002044276
2002044277
2002044278
2002044280
2002044281
2002044282
2002044283
2002044284
2002044285
2002044286
2002044290
2002044291
2002044294
2002044296
2002044300
2002044316
2002044317
2002044318
2002044322
2002044323
2002044332
2002044334
2002044335
2002044336
2002044337
2002044338
2002044339
2002044341
2002044342
2002044343
2002044353
2002044354
2002044355
2002044356
2002044357
2002044358
2002044359
2002044362
2002044363
2002044367
2002044369
2002044373
2002044377
2002044378
2002044379
2002044382
2002044383
2002044384
2002044385
2002044387
2002044391
2002044392
2002044393
2002044394
2002044396
2002044397
2002044398
2002044399
2002044400
2002044401
2002044402
2002044403
2002044404
2002044407
2002044412
2002044418
2002044419
2002044422
2002044423
2002044428
2002044439
2002044466
2002044478
2002044479
2002044480
2002044481
2002044490
2002044491
2002044492
2002044493
2002044494
2002044495
2002044496
2002044497
2002044498
2002044499
2002044500
2002044501
2002044502
2002044507
2002044508
2002044510
2002044511
2002044513
2002044514
2002044515
2002044516
2002044517
2002044518
2002044519
2002044523
2002044524
2002044525
2002044526
2002044527
2002044529
2002044530
2002044532
2002044536
2002044537
2002044538
2002044539
2002044542
2002044544
2002044545
2002044547
2002044548
2002044551
2002044552
2002044553
2002044555
2002044556
2002044557
2002044559
2002044560
2002044563
2002044564
2002044565
2002044566
2002044567
2002044568
2002044569
2002044572
2002044573
2002044574
2002044575
2002044576
2002044577
2002044578
2002044581
2002044587
2002044590
2002044593
2002044594
2002044606
2002044608
2002044609
2002044619
2002044621
2002044622
2002044623
2002044624
2002044625
2002044626
2002044627
2002044628
2002044629
2002044630
2002044631
2002044632
2002044633
2002044634
2002044635
2002044636
2002044638
2002044639
2002044640
2002044643
2002044644
2002044645
2002044646
2002044647
2002044648
2002044649
2002044650
2002044651
2002044652
2002044653
2002044654
2002044656
2002044657
2002044658
2002044659
2002044660
2002044661
2002044662
2002044665
2002044666
2002044667
2002044668
2002044669
2002044670
2002044671
2002044672
2002044673
2002044675
2002044676
2002044677
2002044678
2002044679
2002044680
2002044681
2002044683
2002044684
2002044685
2002044686
2002044689
2002044690
2002044691
2002044692
2002044693
2002044694
2002044696
2002044697
2002044698
2002044700
2002044702
2002044703
2002044704
2002044705
2002044706
2002044707
2002044708
2002044709
2002044710
2002044711
2002044714
2002044715
2002044717
2002044718
2002044720
2002044723
2002044725
2002044728
2002044740
2002044743
2002044747
2002044752
2002044753
2002044754
2002044755
2002044756
2002044757
2002044758
2002044759
2002044760
2002044761
2002044763
2002044764
2002044765
2002044766
2002044767
2002044768
2002044769
2002044770
2002044771
2002044772
2002044773
2002044774
2002044775
2002044776
2002044777
2002044780
2002044781
2002044782
2002044783
2002044784
2002044786
2002044787
2002044788
2002044789
2002044790
2002044791
2002044792
2002044793
2002044795
2002044796
2002044797
2002044798
2002044799
2002044800
2002044802
2002044803
2002044804
2002044805
2002044806
2002044810
2002044811
2002044812
2002044813
2002044816
2002044817
2002044820
2002044821
2002044822
2002044824
2002044825
2002044826
2002044827
2002044828
2002044829
2002044830
2002044831
2002044832
2002044837
2002044838
2002044839
2002044840
2002044841
2002044842
2002044843
2002044845
2002044846
2002044847
2002044848
2002044849
2002044851
2002044852
2002044853
2002044854
2002044855
2002044858
2002044861
2002044862
2002044863
2002044864
2002044865
2002044866
2002044869
2002044870
2002044871
2002044872
2002044873
2002044874
2002044875
2002044876
2002044877
2002044879
2002044881
2002044883
2002044884
2002044888
2002044889
2002044890
2002044891
2002044892
2002044893
2002044894
2002044895
2002044896
2002044897
2002044898
2002044900
2002044901
2002044902
2002044904
2002044907
2002044913
2002044918
2002044924
2002044927
2002044932
2002044934
2002044939
2002044940
2002044965
2002044966
2002044967
2002044969
2002044970
2002044971
2002044972
2002044973
2002044974
2002044989
2002044991
2002045000
2002045002
2002045003
2002045007
2002045008
2002045009
2002045016
2002045017
2002045020
2002045021
2002045028
2002045029
2002045031
2002045035
2002045051
2002045052
2002045055
2002045057
2002045058
2002045059
2002045070
2002045071
2002045072
2002045073
2002045074
2002045075
2002045084
2002045086
2002045087
2002045089
2002045101
2002045106
2002045107
2002045110
2002045113
2002045127
2002045128
2002045129
2002045131
2002045132
2002045133
2002045136
2002045137
2002045139
2002045140
2002045141
2002045143
2002045144
2002045145
2002045148
2002045149
2002045153
2002045154
2002045156
2002045158
2002045159
2002045161
2002045162
2002045163
2002045165
2002045167
2002045168
2002045169
2002045170
2002045171
2002045173
2002045175
2002045176
2002045177
2002045178
2002045182
2002045183
2002045184
2002045185
2002045188
2002045192
2002045208
2002045214
2002045234
2002045235
2002045237
2002045238
2002045239
2002045240
2002045241
2002045242
2002045243
2002045244
2002045245
2002045246
2002045247
2002045248
2002045251
2002045253
2002045254
2002045255
2002045256
2002045257
2002045258
2002045259
2002045260
2002045261
2002045262
2002045263
2002045264
2002045267
2002045268
2002045269
2002045272
2002045273
2002045277
2002045278
2002045279
2002045280
2002045281
2002045283
2002045284
2002045285
2002045288
2002045289
2002045290
2002045291
2002045292
2002045294
2002045295
2002045296
2002045297
2002045299
2002045300
2002045305
2002045308
2002045311
2002045312
2002045313
2002045314
2002045316
2002045321
2002045322
2002045323
2002045324
2002045328
2002045329
2002045330
2002045331
2002045332
2002045333
2002045334
2002045335
2002045336
2002045338
2002045339
2002045340
2002045342
2002045347
2002045348
2002045354
2002045355
2002045363
2002045364
2002045366
2002045367
2002045368
2002045370
2002045371
2002045372
2002045373
2002045374
2002045375
2002045376
2002045377
2002045378
2002045379
2002045380
2002045381
2002045382
2002045383
2002045384
2002045385
2002045386
2002045387
2002045388
2002045389
2002045390
2002045391
2002045392
2002045393
2002045394
2002045396
2002045397
2002045401
2002045402
2002045405
2002045407
2002045409
2002045411
2002045412
2002045413
2002045415
2002045416
2002045417
2002045418
2002045419
2002045420
2002045421
2002045422
2002045423
2002045425
2002045426
2002045427
2002045428
2002045429
2002045430
2002045431
2002045432
2002045433
2002045434
2002045435
2002045436
2002045437
2002045438
2002045440
2002045441
2002045442
2002045443
2002045445
2002045449
2002045450
2002045451
2002045454
2002045457
2002045458
2002045459
2002045460
2002045463
2002045467
2002045468
2002045474
2002045484
2002045485
2002045486
2002045487
2002045488
2002045489
2002045490
2002045491
2002045492
2002045493
2002045494
2002045497
2002045498
2002045499
2002045500
2002045501
2002045502
2002045503
2002045505
2002045506
2002045507
2002045508
2002045509
2002045510
2002045511
2002045512
2002045514
2002045515
2002045516
2002045518
2002045519
2002045520
2002045521
2002045522
2002045523
2002045524
2002045525
2002045526
2002045527
2002045528
2002045531
2002045533
2002045535
2002045536
2002045537
2002045538
2002045539
2002045540
2002045541
2002045542
2002045543
2002045544
2002045545
2002045546
2002045548
2002045549
2002045550
2002045551
2002045552
2002045553
2002045554
2002045555
2002045556
2002045557
2002045558
2002045559
2002045560
2002045561
2002045562
2002045564
2002045565
2002045566
2002045567
2002045568
2002045569
2002045570
2002045571
2002045572
2002045574
2002045575
2002045576
2002045577
2002045578
2002045579
2002045580
2002045584
2002045585
2002045587
2002045588
2002045589
2002045590
2002045591
2002045592
2002045593
2002045594
2002045595
2002045596
2002045597
2002045598
2002045599
2002045601
2002045602
2002045605
2002045611
2002045612
2002045613
2002045614
2002045617
2002045618
2002045631
2002045632
2002045641
2002045642
2002045644
2002045662
2002045667
2002045672
2002045673
2002045674
2002045675
2002045679
2002045683
2002045684
2002045685
2002045686
2002045687
2002045688
2002045689
2002045697
2002045699
2002045707
2002045709
2002045712
2002045714
2002045716
2002045724
2002045725
2002045726
2002045727
2002045746
2002045756
2002045757
2002045759
2002045760
2002045763
2002045771
2002045777
2002045785
2002045787
2002045789
2002045803
2002045805
2002045806
2002045808
2002045824
2002045825
2002045833
2002045835
2002045836
2002045837
2002045838
2002045845
2002045850
2002045853
2002045854
2002045856
2002045858
2002045859
2002045861
2002045865
2002045873
2002045887
2002045891
2002045893
2002045896
2002045899
2002045900
2002045903
2002045906
2002045909
2002045913
2002045915
2002045916
2002045917
2002045929
2002045955
2002045961
2002045965
2002045970
2002045971
2002045974
2002045978
2002045979
2002045991
2002045992
2002045993
2002045996
2002045997
2002046000
2002046001
2002046002
2002046003
2002046011
2002046012
2002046014
2002046016
2002046017
2002046018
2002046019
2002046026
2002046027
2002046029
2002046032
2002046034
2002046035
2002046038
2002046040
2002046041
2002046042
2002046044
2002046055
2002046056
2002046057
2002046059
2002046065
2002046067
2002046070
2002046071
2002046076
2002046077
2002046078
2002046084
2002046085
2002046097
2002046102
2002046105
2002046106
2002046107
2002046109
2002046110
2002046111
2002046113
2002046116
2002046117
2002046118
2002046123
2002046126
2002046127
2002046129
2002046130
2002046131
2002046132
2002046133
2002046136
2002046137
2002046138
2002046140
2002046142
2002046144
2002046145
2002046146
2002046147
2002046150
2002046151
2002046152
2002046153
2002046154
2002046157
2002046160
2002046165
2002046166
2002046168
2002046169
2002046170
2002046171
2002046175
2002046178
2002046181
2002046182
2002046184
2002046187
2002046190
2002046191
2002046192
2002046194
2002046196
2002046197
2002046198
2002046199
2002046200
2002046201
2002046209
2002046210
2002046213
2002046214
2002046218
2002046219
2002046223
2002046226
2002046229
2002046236
2002046237
2002046238
2002046239
2002046240
2002046241
2002046242
2002046243
2002046244
2002046245
2002046246
2002046251
2002046256
2002046257
2002046258
2002046260
2002046261
2002046262
2002046263
2002046264
2002046265
2002046266
2002046267
2002046268
2002046269
2002046271
2002046272
2002046273
2002046274
2002046275
2002046276
2002046282
2002046283
2002046284
2002046285
2002046286
2002046287
2002046289
2002046291
2002046292
2002046295
2002046296
2002046297
2002046299
2002046300
2002046301
2002046302
2002046303
2002046304
2002046305
2002046306
2002046308
2002046313
2002046314
2002046315
2002046320
2002046322
2002046323
2002046324
2002046331
2002046333
2002046336
2002046340
2002046341
2002046342
2002046343
2002046348
2002046353
2002046355
2002046356
2002046357
2002046360
2002046368
2002046397
2002046398
2002046399
2002046407
2002046408
2002046422
2002046424
2002046426
2002046427
2002046428
2002046435
2002046438
2002046440
2002046451
2002046457
2002046458
2002046460
2002046461
2002046462
2002046463
2002046464
2002046465
2002046467
2002046472
2002046475
2002046476
2002046478
2002046479
2002046482
2002046483
2002046484
2002046486
2002046488
2002046506
2002046511
2002046513
2002046519
2002046528
2002046532
2002046535
2002046542
2002046544
2002046547
2002046559
2002046569
2002046577
2002046584
2002047220
2002047462
2002047577
2002048091
2002048117
2002049078
2002049265
2002049664
2002049666
2002049668
2002049670
2002049672
2002049676
2002049677
2002049681
2002049682
2002049683
2002049684
2002049685
2002049689
2002049691
2002049693
2002049694
2002049695
2002049697
2002049698
2002049699
2002049700
2002049701
2002049702
2002049704
2002049708
2002049709
2002049711
2002049712
2002049714
2002049729
2002049731
2002049732
2002049734
2002049736
2002049776
2002049840
2002049845
2002049982
2002049999
2002050050
2002050072
2002050238
2002050240
2002050278
2002050317
2002050318
2002050320
2002050321
2002050322
2002050325
2002050332
2002050333
2002050334
2002050335
2002050337
2002050345
2002050346
2002050347
2002050349
2002050350
2002050354
2002050368
2002050369
2002050372
2002050373
2002050374
2002050375
2002050377
2002050378
2002050380
2002050382
2002050383
2002050386
2002050387
2002050388
2002050389
2002050390
2002050391
2002050392
2002050393
2002050394
2002050395
2002050409
2002050414
2002050415
2002050416
2002050417
2002050418
2002050419
2002050420
2002050421
2002050422
2002050423
2002050424
2002050425
2002050426
2002050429
2002050431
2002050432
2002050433
2002050444
2002050445
2002050446
2002050447
2002050459
2002050476
2002050498
2002050517
2002050524
2002050538
2002050539
2002050540
2002050541
2002050542
2002050544
2002050565
2002050585
2002050591
2002050604
2002050605
2002050618
2002050621
2002050622
2002050650
2002050652
2002050654
2002050655
2002050656
2002050657
2002050658
2002050662
2002050669
2002050670
2002050675
2002050676
2002050679
2002050680
2002050681
2002050682
2002050683
2002050684
2002050686
2002050687
2002050688
2002050689
2002050690
2002050691
2002050693
2002050694
2002050695
2002050696
2002050697
2002050698
2002050699
2002050702
2002050703
2002050704
2002050707
2002050708
2002050719
2002050720
2002050723
2002050724
2002050725
2002050726
2002050727
2002050729
2002050730
2002050733
2002050734
2002050737
2002050743
2002050745
2002050746
2002050747
2002050748
2002050749
2002050750
2002050751
2002050752
2002050753
2002050754
2002050755
2002050756
2002050760
2002050762
2002050763
2002050764
2002050765
2002050766
2002050767
2002050768
2002050769
2002050770
2002050771
2002050772
2002050773
2002050774
2002050775
2002050777
2002050779
2002050780
2002050784
2002050788
2002050789
2002050790
2002050791
2002050792
2002050795
2002050796
2002050797
2002050798
2002050799
2002050800
2002050803
2002050806
2002050807
2002050808
2002050809
2002050810
2002050812
2002050813
2002050814
2002050817
2002050819
2002050822
2002050825
2002050828
2002050829
2002050830
2002050832
2002050834
2002050836
2002050837
2002050839
2002050840
2002050841
2002050842
2002050843
2002050844
2002050846
2002050847
2002050848
2002050849
2002050850
2002050852
2002050855
2002050857
2002050858
2002050861
2002050862
2002050863
2002050866
2002050867
2002050868
2002050870
2002050874
2002050875
2002050880
2002050881
2002050882
2002050885
2002050886
2002050887
2002050889
2002050890
2002050891
2002050892
2002050893
2002050894
2002050896
2002050897
2002050898
2002050899
2002050900
2002050902
2002050903
2002050904
2002050905
2002050907
2002050909
2002050910
2002050912
2002050914
2002050915
2002050916
2002050919
2002050920
2002050921
2002050925
2002050926
2002050927
2002050931
2002050933